T103;16/15;2022-10-24;11:00;13:00;A-109|4944617183 2834444502 1425064788 7694381179 1790877448 1134739315 5968708024 1580781127 5243872785 7674318609 246293130 4210838019 8106630478 2435732937 7346442255 
T104;16/15;2022-10-24;11:00;13:00;A-110|9760691727 7098160410 9283366324 4300135068 4745771989 2033950940 3711020688 5763357781 9193590663 3285932998 5671295867 2876767803 2081444100 2690900002 8031985896 7104766044 
T105;16/15;2022-10-24;13:00;15:00;A-109|9348125146 3334121959 3394286137 3204043506 2801630405 6203810715 8819173056 1917304946 3515094837 5857165500 4580145618 9320916675 6823926289 7561190030 7499080092 2177015609 
T106;16/15;2022-10-24;13:00;15:00;A-110|7086558731 1304430259 8398119146 8083609290 4898610221 268310688 5282172525 8377817679 3562333641 2858668654 9261600644 510412853 6537597360 2690684505 6901708271 8217101606 
T107;16/15;2022-10-24;15:00;17:00;A-109|7538198843 9303762276 5500245578 260031316 5520872589 6206498502 4296669725 2443829440 9600847774 7116473318 8808097921 1983925007 9443523980 8492497281 7383385564 9583272547 
T108;16/15;2022-10-24;15:00;17:00;A-110|1698131421 8729378246 4879882389 9578823589 3688309667 1577896875 4169281813 3084388320 9247404618 4379948076 5074952314 8837481703 2469433757 6115937363 4621358229 2086843905 
T109;16/15;2022-10-24;17:00;19:00;A-109|2147632879 1776764532 9219919518 8018211457 2999021852 4635654912 5517692496 5691770639 1097074446 2311277566 393908001 3396284472 8848867650 9749543098 7322635682 
T110;16/15;2022-10-24;17:00;19:00;A-110|2321273118 8773802731 5099191200 8864783769 2166646555 8947258477 7066094381 5722036619 6588746563 6331212278 1500713384 3651488278 2593996571 8945574311 1738751758 7949623575 
T201;16/15;2022-10-25;09:00;11:00;A-109|3500077731 9777079792 6114359441 2672861226 5913378935 4014130142 7731512879 308178874 2193672260 2056640512 1585051186 9215189128 5087077037 7843909660 4773625779 143107127 
T202;16/15;2022-10-25;09:00;11:00;A-110|7930405792 1804419525 3126384918 2400899828 1891631850 7962391454 5710796282 6375070785 332510909 7164605752 6023926873 1357116333 843727177 1113915173 1907642733 1920541312 
T203;16/15;2022-10-25;11:00;13:00;A-109|4427267261 1794175645 6887706325 1490454955 9876932540 5067489277 4839435985 6611726591 367024677 5486929680 5183285570 8665463876 2779224547 6120553664 1665835037 8983207396 
T204;16/15;2022-10-25;11:00;13:00;A-110|8696824892 4232117208 8879780367 9936824338 9468767182 8204074405 7500656847 8811579306 5626303031 9648447777 3525083083 7555763105 9588275251 7124631580 7309257794 6614104129 
T205;16/15;2022-10-25;13:00;15:00;A-109|8675730336 3371594076 3588272909 6098859354 2863746353 8745093321 3422454839 4854935089 8465364502 8758348622 7711848349 6333315709 2353255874 8452089174 50002407 
T206;16/15;2022-10-25;13:00;15:00;A-110|1566250077 832225783 7882212813 8284776370 3220062116 6016046148 3401921275 3265530167 3264344427 7464957635 5473392094 1724181121 3136564831 8602572733 392748469 
T207;16/15;2022-10-25;15:00;17:00;A-109|4192923848 676555184 5665603782 5614597986 1613487104 862798141 1200224063 3830581486 5946497501 3607177106 6207673138 3197581695 532744395 7399853212 3412233636 
T208;16/15;2022-10-25;15:00;17:00;A-110|4717314477 4114312753 2584535654 2260895910 1105490658 1160680260 1325577488 8647614288 2627334722 8749770456 2584475988 781737634 2910118420 8564447228 4864691596 1265758015 
T209;16/15;2022-10-25;17:00;19:00;A-109|3583096595 7964057748 3492667284 4563017684 6419229898 1028606535 7941387596 815157214 1342209924 2378947036 5588789365 5011269264 9746579353 7886007561 3833189703 4580992224 
T210;16/15;2022-10-25;17:00;19:00;A-110|3139136693 9597992988 6124701258 4533187181 3818150064 6826711290 1084485346 4886920138 9696400876 6610101362 341460902 7989545979 759306976 5449128993 4104622953 6559161334 
T211;16/15;2022-10-25;19:00;21:00;A-109|7164026042 8483614611 8909622530 4221688823 6603536388 7294545670 7219866704 6273300331 7799497099 8946194747 1181360387 9726892027 3557486581 2978743086 4339202488 6423981200 
T305;16/15;2022-10-26;12:00;14:00;A-109|4336632101 7539937493 7964977845 3345886865 8829215739 4233366102 94016505 5972156520 6337264824 5714015653 1897191140 5623968977 4221582020 7920239241 3686743477 8887760634 
T306;16/15;2022-10-26;12:00;14:00;A-110|4863251778 771374389 6517925167 4439716193 3026424539 4028174338 3862919384 9968565902 2079293620 5575081039 6784276799 6730394499 1102437563 2579188057 761147044 9497505025 
T307;16/15;2022-10-26;14:00;16:00;A-109|5852187629 3551977182 6390984099 2932485308 2182392872 606528820 9003220056 8022691426 2603188001 4963292140 1840542148 2072829505 4758346730 9113962086 9327083972 
T308;16/15;2022-10-26;14:00;16:00;A-110|9090136722 6734493062 8412963257 9291475553 239445984 5581739446 6024012716 4326135378 2205458071 6422917877 6027471045 8292966922 7348926396 7547908233 2164775463 760444969 
T309;16/15;2022-10-26;16:00;18:00;A-109|7609026895 2912816926 975166981 2796473450 2287149265 282730882 3966468164 8359714153 7050475629 2782556378 226772916 3418448757 1258971362 9457817060 6884271763 425930578 
T310;16/15;2022-10-26;16:00;18:00;A-110|8175857924 5798956775 2493862801 1487647367 2864750582 7588017720 2710148092 6101509878 2854805047 5327021404 9731558760 8814718944 1900290684 8783521671 9359884158 3760979999 
T311;16/15;2022-10-26;18:00;20:00;A-109|245222670 4736387607 1471602970 495901594 9517622633 6076621118 7090589074 7100763576 911908624 4704760130 7894757976 7220084679 4765324177 5608923639 4805544862 2357065091 
T312;16/15;2022-10-26;18:00;20:00;A-110|7787084744 3779900331 6163084961 3347195803 6879704990 6861166757 335059863 8415989545 5064286526 8921664868 5013073372 4975368763 297621977 5304197103 3553474230 2579190704 
T403;16/15;2022-10-27;11:00;13:00;A-109|4317266500 5437746737 6694159216 1915577487 6758324473 9095509133 9014477715 5703739790 5450823392 6613837843 6792376297 4391567011 7711880087 7571077060 4936832528 6354546756 
T404;16/15;2022-10-27;11:00;13:00;A-110|5295186403 2740584654 3433718330 1996069677 7811134471 7532401603 1705208791 9106392633 653812019 2942869676 5597145600 7586370224 2889228849 321274529 7340712910 5220337049 
T405;16/15;2022-10-27;13:00;15:00;A-109|9084735809 6110989368 8395734027 2769143768 3070336195 6609723726 9342821125 1019981629 6325573625 8985796433 9328768969 2418651444 5021217850 4179261007 4469915752 8170162539 
T406;16/15;2022-10-27;13:00;15:00;A-110|5813899512 72152096 137145770 7775249838 8778825637 8497258959 6737202733 7263388335 9049025574 753950048 9339489445 1038065794 2908843350 1227355811 1919835395 5676809214 
T407;16/15;2022-10-27;15:00;17:00;A-109|787155159 3948077468 2440559047 5619805074 744428064 3889946496 985110090 1536013466 3607419311 784772045 1187412541 8872879091 5572508736 8768270773 7438809760 5571217876 
T408;16/15;2022-10-27;15:00;17:00;A-110|4882296210 6139587984 5608692146 3557378325 8762377602 5855338359 2387725081 8941921349 6856514944 565930203 6041565072 2729290075 199455444 2533653400 4268880758 9429786932 
T409;16/15;2022-10-27;17:00;19:00;A-109|4787378046 8860708907 3258505427 6030609930 5451813087 6279257547 5984265178 4240482802 4345788092 5652651566 3495353936 7413079862 9152669672 3716923025 1403056162 7206566022 
T410;16/15;2022-10-27;17:00;19:00;A-110|5389166383 7756917009 7960488407 8798634813 4778131971 8471337884 5037650430 7465633018 2553004322 7563463185 3857067853 1255223168 5092201708 918654007 4936425775 3251746155 
T503;16/15;2022-10-28;11:00;13:00;A-109|437445610 6602529889 9837433699 5383954621 1448569615 5975808228 7063469315 4647476495 3940399442 3844877153 7498495154 2637631886 3092909625 1175780468 5136122838 8168177186 
T504;16/15;2022-10-28;11:00;13:00;A-110|5108967953 980813381 5796154757 1632876817 8954275345 7626348964 9446419968 3999533193 6928284343 7859889219 2851096773 7256444468 3064503504 7036557728 2566167853 
T505;16/15;2022-10-28;13:00;15:00;A-109|385464192 3889535464 450324307 5842720948 293376221 3628610565 3176100091 8397863331 8846880368 8651622282 6777782371 5603537763 1104758396 6670319281 7343365078 3082153223 
T506;16/15;2022-10-28;13:00;15:00;A-110|3559525067 1507876081 6247844512 3102563610 8472365397 3521646223 1636143174 7878038093 3627494232 8317993956 7037677559 3256209239 4579056685 6955678529 6533478080 9494466712 
T507;16/15;2022-10-28;15:00;17:00;A-109|3529696594 9669395718 9274805299 2193012254 6425975264 5949620315 2438002340 5490199032 131113095 5126499532 7578502445 1063137658 6251790342 3400345785 6964445824 9309078886 
T508;16/15;2022-10-28;15:00;17:00;A-110|7503492148 2796121136 1414730596 1892881997 369568827 4060733981 2434848925 9283472584 151879228 3522887177 2133750595 4762595351 3069666050 5876441028 3572574808 6999517903 
T509;16/15;2022-10-28;17:00;19:00;A-109|6743572177 2944944592 9062418893 4994583290 9555533724 3208543324 7243464017 4155578107 9549802157 5327792777 9423644174 2207708680 9644650707 2291565541 8737194484 3770157714 
T510;16/15;2022-10-28;17:00;19:00;A-110|8317505277 250407584 4249011799 9667074819 5739122981 5318400717 1931018460 4701216347 2859368550 6802069257 7285621395 1175461226 3625720910 7650394895 8269953615 2389424952 
