7787084744
4944617183
4427267261
3779900331
7086558731
9084735809
1566250077
4882296210
6139587984
3139136693
7538198843
7609026895
4717314477
0245222670
8317505277
2834444502
9303762276
5852187629
5389166383
2321273118
4317266500
4787378046
0385464192
4336632101
5295186403
3583096595
6163084961
1425064788
3551977182
5500245578
7164026042
7539937493
3889535464
4863251778
8696824892
2912816926
9760691727
0771374389
6110989368
3500077731
1794175645
7694381179
8860708907
7098160410
6887706325
3347195803
9090136722
8175857924
9283366324
1698131421
9597992988
6743572177
5608692146
7964057748
7503492148
2796121136
5813899512
6390984099
3529696594
2147632879
3492667284
6124701258
1776764532
0832225783
0787155159
2740584654
4232117208
7756917009
8675730336
1790877448
0437445610
7964977845
9219919518
2932485308
1134739315
6879704990
1304430259
9777079792
0450324307
8398119146
3948077468
5798956775
4533187181
0975166981
4114312753
6602529889
2796473450
5108967953
8483614611
3371594076
4192923848
2440559047
3818150064
4300135068
2287149265
9837433699
8018211457
0980813381
4563017684
5796154757
7960488407
8909622530
9669395718
8729378246
6114359441
2493862801
0260031316
8798634813
3345886865
6861166757
3433718330
6734493062
5520872589
5842720948
3258505427
0335059863
8395734027
2182392872
6419229898
9348125146
5383954621
4879882389
6030609930
1632876817
9274805299
7882212813
8954275345
4736387607
6517925167
3557378325
1490454955
4439716193
8412963257
2584535654
8415989545
8284776370
0072152096
1414730596
2193012254
3334121959
8762377602
4221688823
2944944592
0250407584
2260895910
2769143768
0293376221
8829215739
5437746737
5855338359
7930405792
4233366102
6826711290
8773802731
3070336195
9291475553
6694159216
3220062116
1892881997
1028606535
0239445984
1448569615
0369568827
2999021852
5968708024
3588272909
1804419525
3559525067
9062418893
6206498502
0137145770
5581739446
6425975264
7626348964
0606528820
4778131971
8879780367
4994583290
9936824338
6603536388
3126384918
5451813087
9578823589
1580781127
1915577487
1084485346
1487647367
2864750582
4635654912
7775249838
4249011799
6758324473
3688309667
7588017720
1577896875
9095509133
0094016505
5099191200
2672861226
7294545670
9446419968
4886920138
8778825637
6279257547
8497258959
7941387596
1471602970
0495901594
1996069677
1507876081
9696400876
4169281813
2710148092
9667074819
4296669725
9876932540
3999533193
9014477715
6737202733
6928284343
3026424539
2387725081
3628610565
2400899828
4745771989
6098859354
1105490658
4028174338
7859889219
5067489277
4060733981
9468767182
7811134471
5975808228
8941921349
1891631850
0815157214
3394286137
5949620315
3204043506
7063469315
5517692496
6016046148
1342209924
5972156520
2378947036
5913378935
0282730882
6101509878
2434848925
8471337884
2854805047
7263388335
6856514944
8204074405
7219866704
6337264824
9555533724
9003220056
4647476495
1160680260
5739122981
5619805074
3401921275
3208543324
5691770639
5243872785
6609723726
0744428064
5714015653
0676555184
3889946496
5037650430
2033950940
2801630405
3862919384
8864783769
3265530167
0985110090
6247844512
4839435985
2851096773
3084388320
8083609290
6273300331
2443829440
2863746353
3940399442
3966468164
0565930203
2438002340
8745093321
6203810715
5318400717
7674318609
7465633018
9517622633
1097074446
3102563610
5703739790
1325577488
5450823392
9049025574
4014130142
9247404618
7532401603
7962391454
8819173056
7243464017
1917304946
5665603782
3515094837
5588789365
8359714153
2553004322
3176100091
2166646555
3264344427
9342821125
5710796282
1897191140
6041565072
1019981629
5064286526
8647614288
9283472584
6613837843
8921664868
6325573625
5614597986
2729290075
5857165500
7731512879
3711020688
4379948076
7799497099
1931018460
0308178874
2311277566
5074952314
3422454839
9600847774
1536013466
4854935089
8397863331
2627334722
8472365397
5623968977
6610101362
5013073372
1705208791
7050475629
8749770456
6792376297
4580145618
7116473318
8947258477
4155578107
3607419311
8465364502
6076621118
5490199032
6375070785
6611726591
8846880368
8837481703
3844877153
0199455444
9106392633
5984265178
9549802157
8946194747
7563463185
5011269264
0784772045
0367024677
5486929680
4898610221
0246293130
0268310688
5327021404
7090589074
8808097921
7066094381
0131113095
5282172525
2782556378
5722036619
8022691426
0226772916
8985796433
1613487104
9320916675
7100763576
9731558760
8758348622
8377817679
8651622282
4975368763
3857067853
5327792777
4391567011
2603188001
9328768969
3521646223
0393908001
0151879228
5126499532
6024012716
3522887177
8814718944
0911908624
6777782371
0341460902
0753950048
9423644174
2133750595
0332510909
3562333641
7500656847
2207708680
5183285570
9968565902
5603537763
1181360387
2469433757
6115937363
1636143174
5763357781
7878038093
1255223168
0297621977
0653812019
2858668654
9339489445
2193672260
1983925007
3627494232
9261600644
1187412541
2418651444
7464957635
9193590663
7711848349
1104758396
9726892027
8317993956
7498495154
4326135378
2584475988
4221582020
8872879091
4704760130
4963292140
4701216347
2637631886
2533653400
2056640512
9746579353
7894757976
0862798141
6588746563
3557486581
7920239241
6331212278
7164605752
0510412853
4240482802
7886007561
7989545979
3418448757
3285932998
7037677559
2205458071
3396284472
2942869676
1258971362
4762595351
4345788092
5671295867
6023926873
1900290684
1500713384
6333315709
4210838019
2079293620
9644650707
9443523980
3256209239
1038065794
8811579306
3651488278
1357116333
5626303031
0781737634
1585051186
6823926289
5473392094
8665463876
7711880087
4579056685
4268880758
8848867650
5021217850
1200224063
2910118420
3069666050
5597145600
2859368550
1724181121
6670319281
6537597360
7561190030
3830581486
2593996571
1840542148
5092201708
3092909625
5652651566
2978743086
2876767803
0843727177
6422917877
3833189703
0759306976
4179261007
5304197103
2291565541
6802069257
3686743477
1175780468
5449128993
5136122838
9429786932
7586370224
9215189128
6027471045
5946497501
7343365078
8945574311
3082153223
2908843350
1227355811
1113915173
7285621395
5575081039
9457817060
1907642733
9648447777
8168177186
8492497281
1175461226
3495353936
3625720910
7650394895
7383385564
4621358229
5572508736
8887760634
8292966922
3607177106
3136564831
6955678529
5087077037
8269953615
7220084679
7578502445
1738751758
4469915752
4339202488
1063137658
7256444468
4765324177
7413079862
2690684505
5876441028
6423981200
5608923639
2389424952
8737194484
2779224547
6120553664
4104622953
9152669672
3716923025
4580992224
7348926396
2072829505
3525083083
0918654007
6901708271
2081444100
2889228849
7555763105
7843909660
8217101606
7571077060
6784276799
3553474230
8783521671
7547908233
3770157714
1919835395
9749543098
1665835037
4936425775
8106630478
6207673138
2086843905
5676809214
4758346730
1403056162
9588275251
9359884158
2579190704
6730394499
6251790342
7949623575
4773625779
2164775463
1102437563
3197581695
2579188057
4805544862
6884271763
3064503504
8564447228
4936832528
7124631580
3400345785
7036557728
8983207396
2357065091
6354546756
3572574808
6533478080
0761147044
8768270773
8602572733
1920541312
7309257794
7206566022
9497505025
2690900002
0532744395
7399853212
8170162539
0392748469
2435732937
2566167853
6964445824
7346442255
0143107127
3412233636
7499080092
0321274529
3251746155
7340712910
9309078886
0425930578
8031985896
9113962086
2353255874
7438809760
8452089174
6614104129
2177015609
6559161334
9583272547
7104766044
9494466712
0050002407
4864691596
5571217876
3760979999
7322635682
5220337049
6999517903
0760444969
1265758015
9327083972
