183360|LAB1|2022-10-24|11:00|13:00|A-109|klasicno|0151879228 0297621977 1840542148 2147632879 2443829440 2593996571 2690684505 2796121136 3285932998 5623968977 6041565072 7626348964 7843909660 8860708907 9555533724 9648447777 
183360|LAB1|2022-10-24|11:00|13:00|A-110|klasicno|1357116333 1500713384 1632876817 1919835395 2910118420 2978743086 4249011799 4635654912 4736387607 5581739446 5665603782 6023926873 6206498502 6856514944 7960488407 8269953615 
183360|LAB1|2022-10-24|13:00|15:00|A-109|klasicno|0260031316 0367024677 0450324307 0495901594 0781737634 0843727177 1304430259 3396284472 5500245578 6120553664 6928284343 7588017720 7799497099 7894757976 9342821125 9746579353 
183360|LAB1|2022-10-24|13:00|15:00|A-110|klasicno|0131113095 2438002340 3562333641 4339202488 4805544862 5064286526 5126499532 5389166383 5449128993 5603537763 6115937363 7206566022 7464957635 9062418893 9339489445 9588275251 
183360|LAB1|2022-10-24|15:00|17:00|A-109|klasicno|1892881997 2690900002 5067489277 5074952314 5517692496 5571217876 5676809214 5855338359 6425975264 6533478080 6694159216 6887706325 7348926396 7962391454 8397863331 9003220056 
183360|LAB1|2022-10-24|15:00|17:00|A-110|klasicno|1917304946 2321273118 4060733981 4745771989 5087077037 6337264824 6826711290 6901708271 7050475629 7086558731 7243464017 7294545670 8359714153 9261600644 9328768969 9429786932 
183360|LAB1|2022-10-24|17:00|19:00|A-109|klasicno|0072152096 1187412541 1790877448 2400899828 2584535654 3092909625 3760979999 5671295867 7711880087 8415989545 8675730336 8947258477 9106392633 9327083972 9443523980 9696400876 
183360|LAB1|2022-10-24|17:00|19:00|A-110|klasicno|0143107127 2779224547 2876767803 3204043506 3334121959 3830581486 4014130142 4268880758 4704760130 4879882389 5619805074 5813899512 7164605752 7775249838 8204074405 8819173056 
183360|LAB1|2022-10-25|09:00|11:00|A-109|klasicno|1665835037 2851096773 3070336195 3256209239 3394286137 4210838019 4717314477 5968708024 6559161334 6823926289 6999517903 7037677559 7399853212 7578502445 8921664868 9726892027 
183360|LAB1|2022-10-25|09:00|11:00|A-110|klasicno|0759306976 1577896875 2740584654 3627494232 4192923848 4765324177 5099191200 5652651566 5975808228 7309257794 7343365078 7555763105 7586370224 7694381179 7711848349 9457817060 
183360|LAB1|2022-10-25|11:00|13:00|A-109|klasicno|0437445610 0832225783 0975166981 1175780468 2291565541 2434848925 2834444502 3551977182 5842720948 6030609930 6098859354 6247844512 6333315709 7098160410 9283472584 
183360|LAB1|2022-10-25|11:00|13:00|A-110|klasicno|1566250077 2932485308 6611726591 6743572177 6758324473 7164026042 7219866704 8018211457 8737194484 8954275345 9359884158 
183360|LAB1|2022-10-25|13:00|15:00|A-109|klasicno|1776764532 2729290075 2769143768 3139136693 3208543324 3264344427 3265530167 4317266500 4563017684 5383954621 6163084961 7964977845 8798634813 8837481703 8846880368 8941921349 
183360|LAB1|2022-10-25|13:00|15:00|A-110|klasicno|1084485346 1794175645 1804419525 1900290684 2205458071 3500077731 3711020688 3779900331 3844877153 4028174338 4221582020 4439716193 4533187181 4898610221 6279257547 6792376297 
183360|LAB1|2022-10-25|15:00|17:00|A-109|klasicno|0094016505 0760444969 0980813381 1342209924 1698131421 2435732937 4647476495 6517925167 6737202733 7949623575 8083609290 8170162539 8284776370 8395734027 8398119146 8745093321 
183360|LAB1|2022-10-25|15:00|17:00|A-110|klasicno|0771374389 0787155159 1325577488 1403056162 1636143174 1907642733 2944944592 3026424539 3433718330 4296669725 5437746737 5913378935 5949620315 7787084744 9497505025 9517622633 
183360|LAB1|2022-10-25|17:00|19:00|A-109|klasicno|0753950048 1585051186 2133750595 2177015609 4427267261 4854935089 5626303031 6777782371 7036557728 7220084679 8749770456 8758348622 8762377602 8946194747 9731558760 9777079792 
183360|LAB1|2022-10-25|17:00|19:00|A-110|klasicno|0385464192 0532744395 0911908624 1200224063 1613487104 3422454839 3521646223 4975368763 6602529889 7124631580 7503492148 7538198843 8175857924 8647614288 9247404618 9837433699 
183360|LAB1|2022-10-25|19:00|21:00|A-109|klasicno|0369568827 2166646555 2672861226 2710148092 2859368550 3220062116 3258505427 3495353936 3889946496 4169281813 4179261007 4579056685 4580145618 4762595351 4886920138 8465364502 
183360|LAB1|2022-10-26|12:00|14:00|A-109|klasicno|0226772916 2260895910 2389424952 2418651444 2579190704 2603188001 2782556378 3102563610 3126384918 4240482802 6354546756 6861166757 6955678529 7104766044 7674318609 8452089174 
183360|LAB1|2022-10-26|12:00|14:00|A-110|klasicno|2081444100 2387725081 5796154757 6588746563 7066094381 7650394895 7930405792 8292966922 8317993956 8811579306 9113962086 9549802157 9583272547 9597992988 9760691727 
183360|LAB1|2022-10-26|14:00|16:00|A-109|klasicno|0246293130 0308178874 0653812019 1920541312 2072829505 2858668654 3176100091 3400345785 3688309667 4864691596 4882296210 6390984099 7438809760 9600847774 9644650707 9667074819 
183360|LAB1|2022-10-26|14:00|16:00|A-110|klasicno|1102437563 1448569615 1490454955 1724181121 1983925007 2193672260 2287149265 2863746353 2908843350 3082153223 3412233636 3525083083 3553474230 4300135068 5013073372 5327021404 
183360|LAB1|2022-10-26|16:00|18:00|A-109|klasicno|0245222670 0293376221 0341460902 0393908001 0425930578 0862798141 1175461226 1931018460 1996069677 2033950940 2357065091 3948077468 5588789365 8564447228 9669395718 9876932540 
183360|LAB1|2022-10-26|16:00|18:00|A-110|klasicno|0239445984 0250407584 0918654007 1487647367 1536013466 6101509878 6114359441 6422917877 7256444468 7756917009 8412963257 8492497281 9049025574 9283366324 9423644174 9968565902 
183360|LAB1|2022-10-26|18:00|20:00|A-109|klasicno|0335059863 0510412853 1258971362 1891631850 2440559047 2942869676 5011269264 5183285570 5243872785 6139587984 7498495154 7500656847 7941387596 7964057748 8829215739 8887760634 
183360|LAB1|2022-10-26|18:00|20:00|A-110|klasicno|2579188057 3371594076 3833189703 4391567011 5486929680 5572508736 5608692146 5608923639 6964445824 7561190030 8602572733 8651622282 8665463876 8729378246 8808097921 8814718944 
183360|LAB1|2022-10-27|11:00|13:00|A-109|klasicno|0282730882 0744428064 1227355811 2079293620 2796473450 6024012716 6613837843 6802069257 7090589074 7539937493 7571077060 7886007561 8317505277 8879780367 8945574311 9193590663 
183360|LAB1|2022-10-27|11:00|13:00|A-110|klasicno|2864750582 3084388320 3345886865 3522887177 3588272909 3607177106 3940399442 4839435985 4863251778 4994583290 5575081039 5614597986 5703739790 6375070785 6419229898 7465633018 
183360|LAB1|2022-10-27|13:00|15:00|A-109|klasicno|0784772045 1705208791 2086843905 3064503504 3069666050 4936425775 5282172525 5327792777 5710796282 6016046148 7920239241 8217101606 8773802731 9014477715 9219919518 9936824338 
183360|LAB1|2022-10-27|13:00|15:00|A-110|klasicno|3492667284 3559525067 3572574808 3583096595 4114312753 4221688823 5108967953 5136122838 5220337049 5490199032 5520872589 5597145600 5857165500 7263388335 7859889219 8983207396 
183360|LAB1|2022-10-27|15:00|17:00|A-109|klasicno|0332510909 2493862801 2533653400 2584475988 2627334722 3347195803 3401921275 3515094837 3529696594 4104622953 4155578107 4773625779 5092201708 7285621395 7322635682 7499080092 
183360|LAB1|2022-10-27|15:00|17:00|A-110|klasicno|0050002407 0392748469 1019981629 1063137658 1113915173 1414730596 1738751758 3557378325 3651488278 4379948076 5037650430 5714015653 6537597360 6603536388 7532401603 9320916675 
183360|LAB1|2022-10-27|17:00|19:00|A-109|klasicno|0815157214 1160680260 1915577487 2553004322 3136564831 3418448757 3628610565 3716923025 6423981200 7413079862 7547908233 7563463185 7731512879 7989545979 8022691426 8985796433 
183360|LAB1|2022-10-27|17:00|19:00|A-110|klasicno|0268310688 0565930203 0985110090 1104758396 1425064788 1471602970 1897191140 2311277566 2378947036 3557486581 3607419311 3862919384 3999533193 4758346730 7063469315 9303762276 
183360|LAB1|2022-10-28|11:00|13:00|A-109|klasicno|0199455444 0321274529 0761147044 1038065794 1097074446 1105490658 1265758015 2193012254 3857067853 4345788092 6203810715 6251790342 6610101362 6670319281 7340712910 8471337884 
183360|LAB1|2022-10-28|11:00|13:00|A-110|klasicno|0606528820 2056640512 3197581695 3625720910 4963292140 5295186403 5722036619 5763357781 6124701258 6734493062 8031985896 9215189128 9291475553 9446419968 9468767182 9578823589 
183360|LAB1|2022-10-28|13:00|15:00|A-109|klasicno|1028606535 1134739315 1507876081 2999021852 3818150064 4232117208 4621358229 5473392094 5739122981 6076621118 6207673138 6609723726 8696824892 8864783769 9095509133 9309078886 
183360|LAB1|2022-10-28|13:00|15:00|A-110|klasicno|0137145770 0676555184 3770157714 3966468164 5798956775 5852187629 5876441028 6325573625 6730394499 6784276799 7116473318 8106630478 8483614611 8768270773 9084735809 9152669672 
183360|LAB1|2022-10-28|15:00|17:00|A-109|klasicno|2164775463 4326135378 4336632101 4469915752 4580992224 4944617183 6273300331 7100763576 7811134471 7882212813 8377817679 8497258959 8783521671 8848867650 9494466712 9749543098 
183360|LAB1|2022-10-28|15:00|17:00|A-110|klasicno|1181360387 3251746155 3686743477 3889535464 4701216347 4787378046 4936832528 5304197103 5450823392 6027471045 6110989368 6331212278 6879704990 6884271763 8472365397 9348125146 
183360|LAB1|2022-10-28|17:00|19:00|A-109|klasicno|1255223168 1580781127 2353255874 2469433757 2566167853 2637631886 4233366102 4778131971 5021217850 5318400717 5451813087 5691770639 5946497501 5984265178 6614104129 7878038093 
183360|LAB1|2022-10-28|17:00|19:00|A-110|klasicno|2182392872 2207708680 2801630405 2854805047 2889228849 2912816926 5972156520 7346442255 7383385564 7609026895 8168177186 8778825637 8872879091 8909622530 9090136722 9274805299 
